32 00
101 0100
111 0101
116 0110
10 01110
97 01111
100 10000
104 10001
105 10010
108 10011
110 10100
114 10101
115 10110
44 101110
46 101111
99 110000
102 110001
109 110010
117 110011
119 110100
121 110101
39 1101100
65 1101101
69 1101110
73 1101111
79 1110000
83 1110001
84 1110010
98 1110011
103 1110100
107 1110101
112 1110110
118 1110111
59 11110000
66 11110001
67 11110010
68 11110011
72 11110100
76 11110101
77 11110110
78 11110111
82 11111000
87 11111001
33 111110100
45 111110101
63 111110110
70 111110111
71 111111000
80 111111001
85 111111010
89 111111011
75 1111111000
86 1111111001
120 1111111010
58 11111110110
74 11111110111
91 11111111000
93 11111111001
106 11111111010
113 11111111011
57 111111111000
81 111111111001
122 111111111010
34 1111111110110
40 1111111110111
41 1111111111000
49 1111111111001
60 1111111111010
88 1111111111011
90 1111111111100
48 11111111111010
50 11111111111011
51 11111111111100
62 11111111111101
52 111111111111100
42 1111111111111010
53 1111111111111011
54 1111111111111100
95 1111111111111101
55 11111111111111100
56 11111111111111101
124 11111111111111110
38 111111111111111110
64 1111111111111111110
47 11111111111111111110
96 1111111111111111111100
125 1111111111111111111101
35 11111111111111111111100
37 11111111111111111111101
61 11111111111111111111110
126 11111111111111111111111
